34
02
ab
ab
34
04
cd
cd
00
00
00
00
00
00
00
00
00
00
00
00
00
44
28
21
00
00
00
00
00
00
00
00
00
00
00
00
00
a4
30
23
00
00
00
00
00
00
00
00
00
00
00
00
ac
06
00
00
8c
07
00
00
00
00
00
00
00
00
00
00
00
00
00
00
00
e6
40
21
00
00
00
00
00
00
00
00
00
00
00
00
00
48
40
21
00
00
00
00
00
00
00
00
00
00
00
00
01
07
48
23
00
c2
50
21
00
00
00
00
00
00
00
00
00
00
00
00
11
2a
00
0f
00
00
00
00
00
00
00
00
00
00
00
00
8d
4c
00
00
00
00
00
00
00
00
00
00
00
00
00
00
11
6c
00
14
00
00
00
00
00
00
00
00
00
00
00
00
34
0d
dd
dd
08
00
0c
40
00
00
00
00
00
00
00
00
3c
00
cc
cc
00
00
00
00
00
00
00
00
00
00
00
00
34
0a
00
0c
00
00
00
00
00
00
00
00
00
00
00
00
ad
4a
00
00
8d
4b
00
00
08
00
0c
1f
00
00
00
00
00
00
00
00
3c
0b
ff
ee
08
00
0c
27
00
00
00
00
00
00
00
00
3c
0e
ef
ef
